3.102508625164398e+00    1.008381226326397e+00    0.000000000000000e+00    1.000000000000000e-04    0.000000000000000e+00    9.755309237585266e-03    0.000000000000000e+00    
3.102508624861748e+00    1.008381226304228e+00    0.000000000000000e+00    1.000010000000000e-04    0.000000000000000e+00    9.755309312303001e-03    0.000000000000000e+00    
3.102489579398839e+00    1.008379838918611e+00    0.000000000000000e+00    1.499887177408204e-04    0.000000000000000e+00    9.759989121895771e-03    0.000000000000000e+00    
3.102462901939318e+00    1.008377896666241e+00    0.000000000000000e+00    1.999694710110936e-04    0.000000000000000e+00    9.766539213235167e-03    0.000000000000000e+00    
3.102428584802489e+00    1.008375400081204e+00    0.000000000000000e+00    2.499317612133157e-04    0.000000000000000e+00    9.774956441917530e-03    0.000000000000000e+00    
3.102386616808934e+00    1.008372349753891e+00    0.000000000000000e+00    2.998694543793002e-04    0.000000000000000e+00    9.785237096082219e-03    0.000000000000000e+00    
3.102336984895681e+00    1.008368746447765e+00    0.000000000000000e+00    3.497764372951468e-04    0.000000000000000e+00    9.797376507616985e-03    0.000000000000000e+00    
3.102279674101678e+00    1.008364591096965e+00    0.000000000000000e+00    3.996466220226989e-04    0.000000000000000e+00    9.811369066318781e-03    0.000000000000000e+00    
3.102214667551104e+00    1.008359884803414e+00    0.000000000000000e+00    4.494739511047933e-04    0.000000000000000e+00    9.827208236852254e-03    0.000000000000000e+00    
3.102141946432528e+00    1.008354628833470e+00    0.000000000000000e+00    4.992524026047827e-04    0.000000000000000e+00    9.844886578428438e-03    0.000000000000000e+00    
3.102061489978273e+00    1.008348824614162e+00    0.000000000000000e+00    5.489759949533010e-04    0.000000000000000e+00    9.864395766670749e-03    0.000000000000000e+00    
3.101973275437762e+00    1.008342473728985e+00    0.000000000000000e+00    5.986387915828025e-04    0.000000000000000e+00    9.885726618113055e-03    0.000000000000000e+00    
3.101877278052274e+00    1.008335577913367e+00    0.000000000000000e+00    6.482349053221799e-04    0.000000000000000e+00    9.908869116576150e-03    0.000000000000000e+00    
3.101773471024328e+00    1.008328139049756e+00    0.000000000000000e+00    6.977585025417953e-04    0.000000000000000e+00    9.933812441668327e-03    0.000000000000000e+00    
3.101661825485765e+00    1.008320159162393e+00    0.000000000000000e+00    7.472038070246815e-04    0.000000000000000e+00    9.960544999135202e-03    0.000000000000000e+00    
3.101542310464849e+00    1.008311640411838e+00    0.000000000000000e+00    7.965651035507015e-04    0.000000000000000e+00    9.989054452657801e-03    0.000000000000000e+00    
3.101414892850284e+00    1.008302585089232e+00    0.000000000000000e+00    8.458367411911102e-04    0.000000000000000e+00    1.001932775710728e-02    0.000000000000000e+00    
3.101279537352385e+00    1.008292995610327e+00    0.000000000000000e+00    8.950131362934754e-04    0.000000000000000e+00    1.005135119321878e-02    0.000000000000000e+00    
3.101136206465454e+00    1.008282874509400e+00    0.000000000000000e+00    9.440887751529576e-04    0.000000000000000e+00    1.008511040292422e-02    0.000000000000000e+00    
3.100984860424112e+00    1.008272224432975e+00    0.000000000000000e+00    9.930582163768678e-04    0.000000000000000e+00    1.012059042590195e-02    0.000000000000000e+00    
3.100825457161962e+00    1.008261048133468e+00    0.000000000000000e+00    1.041916092923765e-03    0.000000000000000e+00    1.015777573647597e-02    0.000000000000000e+00    
3.100657952266360e+00    1.008249348462767e+00    0.000000000000000e+00    1.090657113832628e-03    0.000000000000000e+00    1.019665028102586e-02    0.000000000000000e+00    
3.100482298931773e+00    1.008237128365752e+00    0.000000000000000e+00    1.139276065638574e-03    0.000000000000000e+00    1.023719751580662e-02    0.000000000000000e+00    
3.100298447913730e+00    1.008224390873859e+00    0.000000000000000e+00    1.187767813477408e-03    0.000000000000000e+00    1.027940044454462e-02    0.000000000000000e+00    
3.100106347478009e+00    1.008211139098603e+00    0.000000000000000e+00    1.236127301899938e-03    0.000000000000000e+00    1.032324165632078e-02    0.000000000000000e+00    
3.099905943351595e+00    1.008197376225224e+00    0.000000000000000e+00    1.284349555380268e-03    0.000000000000000e+00    1.036870336289389e-02    0.000000000000000e+00    
3.099697178672036e+00    1.008183105506380e+00    0.000000000000000e+00    1.332429678556053e-03    0.000000000000000e+00    1.041576743569681e-02    0.000000000000000e+00    
3.099479993933168e+00    1.008168330255947e+00    0.000000000000000e+00    1.380362856194266e-03    0.000000000000000e+00    1.046441544248106e-02    0.000000000000000e+00    
3.099254326931914e+00    1.008153053842945e+00    0.000000000000000e+00    1.428144352898071e-03    0.000000000000000e+00    1.051462868315444e-02    0.000000000000000e+00    
3.099020112714425e+00    1.008137279685646e+00    0.000000000000000e+00    1.475769512567583e-03    0.000000000000000e+00    1.056638822474180e-02    0.000000000000000e+00    
3.098777283519574e+00    1.008121011245830e+00    0.000000000000000e+00    1.523233757644122e-03    0.000000000000000e+00    1.061967493563690e-02    0.000000000000000e+00    
3.098525768721836e+00    1.008104252023202e+00    0.000000000000000e+00    1.570532588131546e-03    0.000000000000000e+00    1.067446951889186e-02    0.000000000000000e+00    
3.098265494773438e+00    1.008087005550050e+00    0.000000000000000e+00    1.617661580415030e-03    0.000000000000000e+00    1.073075254431971e-02    0.000000000000000e+00    
3.097996385145461e+00    1.008069275386096e+00    0.000000000000000e+00    1.664616385905349e-03    0.000000000000000e+00    1.078850447960021e-02    0.000000000000000e+00    
3.097718360268484e+00    1.008051065113569e+00    0.000000000000000e+00    1.711392729514950e-03    0.000000000000000e+00    1.084770572006325e-02    0.000000000000000e+00    
3.097431337469498e+00    1.008032378332492e+00    0.000000000000000e+00    1.757986407980829e-03    0.000000000000000e+00    1.090833661757161e-02    0.000000000000000e+00    
3.097135230912434e+00    1.008013218656252e+00    0.000000000000000e+00    1.804393288045577e-03    0.000000000000000e+00    1.097037750764999e-02    0.000000000000000e+00    
3.096829951532024e+00    1.007993589707331e+00    0.000000000000000e+00    1.850609304535028e-03    0.000000000000000e+00    1.103380873591519e-02    0.000000000000000e+00    
3.096515406972027e+00    1.007973495113379e+00    0.000000000000000e+00    1.896630458303131e-03    0.000000000000000e+00    1.109861068262550e-02    0.000000000000000e+00    
3.096191501517545e+00    1.007952938503432e+00    0.000000000000000e+00    1.942452814118308e-03    0.000000000000000e+00    1.116476378645528e-02    0.000000000000000e+00    
3.095858136029380e+00    1.007931923504441e+00    0.000000000000000e+00    1.988072498441317e-03    0.000000000000000e+00    1.123224856656675e-02    0.000000000000000e+00    
3.095515207874707e+00    1.007910453738011e+00    0.000000000000000e+00    2.033485697156598e-03    0.000000000000000e+00    1.130104564367210e-02    0.000000000000000e+00    
3.095162610859502e+00    1.007888532817398e+00    0.000000000000000e+00    2.078688653246379e-03    0.000000000000000e+00    1.137113575953686e-02    0.000000000000000e+00    
3.094800235155828e+00    1.007866164344720e+00    0.000000000000000e+00    2.123677664426341e-03    0.000000000000000e+00    1.144249979549876e-02    0.000000000000000e+00    
3.094427967230221e+00    1.007843351908406e+00    0.000000000000000e+00    2.168449080749443e-03    0.000000000000000e+00    1.151511878959186e-02    0.000000000000000e+00    
3.094045689770232e+00    1.007820099080895e+00    0.000000000000000e+00    2.212999302190357e-03    0.000000000000000e+00    1.158897395244130e-02    0.000000000000000e+00    
3.093653281608011e+00    1.007796409416482e+00    0.000000000000000e+00    2.257324776229794e-03    0.000000000000000e+00    1.166404668213055e-02    0.000000000000000e+00    
3.093250617644131e+00    1.007772286449484e+00    0.000000000000000e+00    2.301421995417552e-03    0.000000000000000e+00    1.174031857774908e-02    0.000000000000000e+00    
3.092837568768303e+00    1.007747733692502e+00    0.000000000000000e+00    2.345287494973929e-03    0.000000000000000e+00    1.181777145200260e-02    0.000000000000000e+00    
3.092414001778582e+00    1.007722754634951e+00    0.000000000000000e+00    2.388917850379445e-03    0.000000000000000e+00    1.189638734266296e-02    0.000000000000000e+00    
3.091979779298443e+00    1.007697352741735e+00    0.000000000000000e+00    2.432309675000228e-03    0.000000000000000e+00    1.197614852311654e-02    0.000000000000000e+00    
3.091534759693242e+00    1.007671531452143e+00    0.000000000000000e+00    2.475459617735814e-03    0.000000000000000e+00    1.205703751175601e-02    0.000000000000000e+00    
3.091078796982040e+00    1.007645294178868e+00    0.000000000000000e+00    2.518364360708038e-03    0.000000000000000e+00    1.213903708073606e-02    0.000000000000000e+00    
3.090611740749826e+00    1.007618644307231e+00    0.000000000000000e+00    2.561020616976852e-03    0.000000000000000e+00    1.222213026358818e-02    0.000000000000000e+00    
3.090133436056070e+00    1.007591585194546e+00    0.000000000000000e+00    2.603425128308114e-03    0.000000000000000e+00    1.230630036214858e-02    0.000000000000000e+00    
3.089643723340888e+00    1.007564120169594e+00    0.000000000000000e+00    2.645574662988974e-03    0.000000000000000e+00    1.239153095273473e-02    0.000000000000000e+00    
3.089142438329250e+00    1.007536252532310e+00    0.000000000000000e+00    2.687466013673181e-03    0.000000000000000e+00    1.247780589151050e-02    0.000000000000000e+00    
3.088629411933093e+00    1.007507985553520e+00    0.000000000000000e+00    2.729095995307771e-03    0.000000000000000e+00    1.256510931917403e-02    0.000000000000000e+00    
3.088104470149065e+00    1.007479322474852e+00    0.000000000000000e+00    2.770461443089292e-03    0.000000000000000e+00    1.265342566512101e-02    0.000000000000000e+00    
3.087567433955619e+00    1.007450266508723e+00    0.000000000000000e+00    2.811559210487285e-03    0.000000000000000e+00    1.274273965085930e-02    0.000000000000000e+00    
3.087018119205674e+00    1.007420820838463e+00    0.000000000000000e+00    2.852386167318677e-03    0.000000000000000e+00    1.283303629300020e-02    0.000000000000000e+00    
3.086456336517350e+00    1.007390988618509e+00    0.000000000000000e+00    2.892939197885413e-03    0.000000000000000e+00    1.292430090566745e-02    0.000000000000000e+00    
3.085881891161346e+00    1.007360772974699e+00    0.000000000000000e+00    2.933215199168571e-03    0.000000000000000e+00    1.301651910246927e-02    0.000000000000000e+00    
3.085294582944532e+00    1.007330177004647e+00    0.000000000000000e+00    2.973211079078068e-03    0.000000000000000e+00    1.310967679808614e-02    0.000000000000000e+00    
3.084694206091705e+00    1.007299203778194e+00    0.000000000000000e+00    3.012923754764785e-03    0.000000000000000e+00    1.320376020936974e-02    0.000000000000000e+00    
3.084080549122140e+00    1.007267856337917e+00    0.000000000000000e+00    3.052350150990475e-03    0.000000000000000e+00    1.329875585625467e-02    0.000000000000000e+00    
3.083453394724176e+00    1.007236137699708e+00    0.000000000000000e+00    3.091487198552897e-03    0.000000000000000e+00    1.339465056221078e-02    0.000000000000000e+00    
3.082812519625548e+00    1.007204050853417e+00    0.000000000000000e+00    3.130331832770905e-03    0.000000000000000e+00    1.349143145448632e-02    0.000000000000000e+00    
3.082157694460346e+00    1.007171598763522e+00    0.000000000000000e+00    3.168880992030125e-03    0.000000000000000e+00    1.358908596408235e-02    0.000000000000000e+00    
3.081488683630937e+00    1.007138784369850e+00    0.000000000000000e+00    3.207131616377574e-03    0.000000000000000e+00    1.368760182562660e-02    0.000000000000000e+00    
3.080805245167672e+00    1.007105610588349e+00    0.000000000000000e+00    3.245080646170867e-03    0.000000000000000e+00    1.378696707687896e-02    0.000000000000000e+00    
3.080107130582867e+00    1.007072080311866e+00    0.000000000000000e+00    3.282725020789563e-03    0.000000000000000e+00    1.388717005826978e-02    0.000000000000000e+00    
3.079394084722030e+00    1.007038196410987e+00    0.000000000000000e+00    3.320061677386145e-03    0.000000000000000e+00    1.398819941217694e-02    0.000000000000000e+00    
3.078665845608560e+00    1.007003961734851e+00    0.000000000000000e+00    3.357087549704574e-03    0.000000000000000e+00    1.409004408225350e-02    0.000000000000000e+00    
3.077922144285715e+00    1.006969379112022e+00    0.000000000000000e+00    3.393799566928544e-03    0.000000000000000e+00    1.419269331259638e-02    0.000000000000000e+00    
3.077162704653443e+00    1.006934451351353e+00    0.000000000000000e+00    3.430194652591371e-03    0.000000000000000e+00    1.429613664682681e-02    0.000000000000000e+00    
3.076387243298834e+00    1.006899181242859e+00    0.000000000000000e+00    3.466269723529364e-03    0.000000000000000e+00    1.440036392737036e-02    0.000000000000000e+00    
3.075595469323795e+00    1.006863571558596e+00    0.000000000000000e+00    3.502021688876964e-03    0.000000000000000e+00    1.450536529445641e-02    0.000000000000000e+00    
3.074787084164375e+00    1.006827625053516e+00    0.000000000000000e+00    3.537447449110845e-03    0.000000000000000e+00    1.461113118546098e-02    0.000000000000000e+00    
3.073961781407975e+00    1.006791344466365e+00    0.000000000000000e+00    3.572543895123047e-03    0.000000000000000e+00    1.471765233399574e-02    0.000000000000000e+00    
3.073119246601193e+00    1.006754732520499e+00    0.000000000000000e+00    3.607307907353567e-03    0.000000000000000e+00    1.482491976937506e-02    0.000000000000000e+00    
3.072259157053722e+00    1.006717791924734e+00    0.000000000000000e+00    3.641736354940227e-03    0.000000000000000e+00    1.493292481602567e-02    0.000000000000000e+00    
3.071381181636375e+00    1.006680525374184e+00    0.000000000000000e+00    3.675826094914665e-03    0.000000000000000e+00    1.504165909292048e-02    0.000000000000000e+00    
3.070484980569344e+00    1.006642935550995e+00    0.000000000000000e+00    3.709573971444336e-03    0.000000000000000e+00    1.515111451351753e-02    0.000000000000000e+00    
3.069570205207277e+00    1.006605025125152e+00    0.000000000000000e+00    3.742976815077951e-03    0.000000000000000e+00    1.526128328545190e-02    0.000000000000000e+00    
3.068636497814007e+00    1.006566796755163e+00    0.000000000000000e+00    3.776031442053721e-03    0.000000000000000e+00    1.537215791075538e-02    0.000000000000000e+00    
3.067683491330686e+00    1.006528253088739e+00    0.000000000000000e+00    3.808734653614718e-03    0.000000000000000e+00    1.548373118611983e-02    0.000000000000000e+00    
3.066710809136542e+00    1.006489396763448e+00    0.000000000000000e+00    3.841083235357756e-03    0.000000000000000e+00    1.559599620340868e-02    0.000000000000000e+00    
3.065718064798316e+00    1.006450230407235e+00    0.000000000000000e+00    3.873073956621296e-03    0.000000000000000e+00    1.570894635061106e-02    0.000000000000000e+00    
3.064704861813509e+00    1.006410756638974e+00    0.000000000000000e+00    3.904703569869051e-03    0.000000000000000e+00    1.582257531285462e-02    0.000000000000000e+00    
3.063670754210010e+00    1.006370976573129e+00    0.000000000000000e+00    3.935969974430524e-03    0.000000000000000e+00    1.593688136814374e-02    0.000000000000000e+00    
3.062615361601265e+00    1.006330894267820e+00    0.000000000000000e+00    3.966868708342697e-03    0.000000000000000e+00    1.605185460513506e-02    0.000000000000000e+00    
3.061538255788372e+00    1.006290512325836e+00    0.000000000000000e+00    3.997396462531290e-03    0.000000000000000e+00    1.616748958543949e-02    0.000000000000000e+00    
3.060438997139215e+00    1.006249833333485e+00    0.000000000000000e+00    4.027549915707533e-03    0.000000000000000e+00    1.628378120094528e-02    0.000000000000000e+00    
3.059317134496218e+00    1.006208859869277e+00    0.000000000000000e+00    4.057325727034060e-03    0.000000000000000e+00    1.640072465218512e-02    0.000000000000000e+00    
3.058172204848403e+00    1.006167594503893e+00    0.000000000000000e+00    4.086720535596821e-03    0.000000000000000e+00    1.651831545190195e-02    0.000000000000000e+00    
3.057003732988152e+00    1.006126039800040e+00    0.000000000000000e+00    4.115730959902031e-03    0.000000000000000e+00    1.663654942918854e-02    0.000000000000000e+00    
3.055811231151072e+00    1.006084198312096e+00    0.000000000000000e+00    4.144353597401841e-03    0.000000000000000e+00    1.675542273435662e-02    0.000000000000000e+00    
3.054594198638587e+00    1.006042072585641e+00    0.000000000000000e+00    4.172585024003709e-03    0.000000000000000e+00    1.687493184438522e-02    0.000000000000000e+00    
3.053352121420986e+00    1.005999665156771e+00    0.000000000000000e+00    4.200421793594329e-03    0.000000000000000e+00    1.699507356914460e-02    0.000000000000000e+00    
3.052084471719418e+00    1.005956978551237e+00    0.000000000000000e+00    4.227860437556853e-03    0.000000000000000e+00    1.711584505843982e-02    0.000000000000000e+00    
3.050790707564314e+00    1.005914015283321e+00    0.000000000000000e+00    4.254897464292799e-03    0.000000000000000e+00    1.723724380995363e-02    0.000000000000000e+00    
3.049470272328619e+00    1.005870777854467e+00    0.000000000000000e+00    4.281529358720599e-03    0.000000000000000e+00    1.735926767815467e-02    0.000000000000000e+00    
3.048122594233164e+00    1.005827268751675e+00    0.000000000000000e+00    4.307752581764438e-03    0.000000000000000e+00    1.748191488425692e-02    0.000000000000000e+00    
3.046747085819014e+00    1.005783490445469e+00    0.000000000000000e+00    4.333563569851862e-03    0.000000000000000e+00    1.760518402752644e-02    0.000000000000000e+00    
3.045343143387020e+00    1.005739445387576e+00    0.000000000000000e+00    4.358958734360760e-03    0.000000000000000e+00    1.772907409779566e-02    0.000000000000000e+00    
3.043910146396926e+00    1.005695136008185e+00    0.000000000000000e+00    4.383934461052599e-03    0.000000000000000e+00    1.785358448954891e-02    0.000000000000000e+00    
3.042447456822383e+00    1.005650564712673e+00    0.000000000000000e+00    4.408487109485417e-03    0.000000000000000e+00    1.797871501777463e-02    0.000000000000000e+00    
3.040954418459415e+00    1.005605733877893e+00    0.000000000000000e+00    4.432613012369848e-03    0.000000000000000e+00    1.810446593549277e-02    0.000000000000000e+00    
3.039430356174841e+00    1.005560645847742e+00    0.000000000000000e+00    4.456308474910105e-03    0.000000000000000e+00    1.823083795378782e-02    0.000000000000000e+00    
3.037874575097139e+00    1.005515302928119e+00    0.000000000000000e+00    4.479569774066587e-03    0.000000000000000e+00    1.835783226385255e-02    0.000000000000000e+00    
3.036286359730024e+00    1.005469707381003e+00    0.000000000000000e+00    4.502393157785337e-03    0.000000000000000e+00    1.848545056222305e-02    0.000000000000000e+00    
3.034664972988867e+00    1.005423861417676e+00    0.000000000000000e+00    4.524774844129859e-03    0.000000000000000e+00    1.861369507881298e-02    0.000000000000000e+00    
3.033009655140711e+00    1.005377767190812e+00    0.000000000000000e+00    4.546711020363148e-03    0.000000000000000e+00    1.874256860878648e-02    0.000000000000000e+00    
3.031319622636873e+00    1.005331426785357e+00    0.000000000000000e+00    4.568197841922781e-03    0.000000000000000e+00    1.887207454848652e-02    0.000000000000000e+00    
3.029594066819544e+00    1.005284842207937e+00    0.000000000000000e+00    4.589231431285212e-03    0.000000000000000e+00    1.900221693629418e-02    0.000000000000000e+00    
3.027832152486246e+00    1.005238015374609e+00    0.000000000000000e+00    4.609807876715181e-03    0.000000000000000e+00    1.913300049880706e-02    0.000000000000000e+00    
3.026033016279969e+00    1.005190948096562e+00    0.000000000000000e+00    4.629923230873874e-03    0.000000000000000e+00    1.926443070391879e-02    0.000000000000000e+00    
3.024195764884366e+00    1.005143642063519e+00    0.000000000000000e+00    4.649573509249318e-03    0.000000000000000e+00    1.939651382121264e-02    0.000000000000000e+00    
3.022319472984534e+00    1.005096098824360e+00    0.000000000000000e+00    4.668754688401291e-03    0.000000000000000e+00    1.952925699139896e-02    0.000000000000000e+00    
3.020403180946737e+00    1.005048319764367e+00    0.000000000000000e+00    4.687462703987256e-03    0.000000000000000e+00    1.966266830663960e-02    0.000000000000000e+00    
3.018445892172896e+00    1.005000306078583e+00    0.000000000000000e+00    4.705693448512063e-03    0.000000000000000e+00    1.979675690320303e-02    0.000000000000000e+00    
3.016446654401546e+00    1.004952060759117e+00    0.000000000000000e+00    4.723442038001248e-03    0.000000000000000e+00    1.993152742937085e-02    0.000000000000000e+00    
3.014404307534241e+00    1.004903582538434e+00    0.000000000000000e+00    4.740705036022337e-03    0.000000000000000e+00    2.006699698484386e-02    0.000000000000000e+00    
3.012317722577533e+00    1.004854871795076e+00    0.000000000000000e+00    4.757478200973565e-03    0.000000000000000e+00    2.020317865321416e-02    0.000000000000000e+00    
3.010185719139149e+00    1.004805928577016e+00    0.000000000000000e+00    4.773757225562852e-03    0.000000000000000e+00    2.034008704947943e-02    0.000000000000000e+00    
3.008007058638024e+00    1.004756752511064e+00    0.000000000000000e+00    4.789537742355654e-03    0.000000000000000e+00    2.047773860469745e-02    0.000000000000000e+00    
3.005780437498063e+00    1.004707342724920e+00    0.000000000000000e+00    4.804815318797629e-03    0.000000000000000e+00    2.061615181968816e-02    0.000000000000000e+00    
3.003504478999197e+00    1.004657697752760e+00    0.000000000000000e+00    4.819585451222242e-03    0.000000000000000e+00    2.075534757016199e-02    0.000000000000000e+00    
3.001177723405549e+00    1.004607815419265e+00    0.000000000000000e+00    4.833843557827469e-03    0.000000000000000e+00    2.089534947864247e-02    0.000000000000000e+00    
2.998798615892508e+00    1.004557692696024e+00    0.000000000000000e+00    4.847584970372460e-03    0.000000000000000e+00    2.103618437191263e-02    0.000000000000000e+00    
2.996365491639572e+00    1.004507325522252e+00    0.000000000000000e+00    4.860804924292671e-03    0.000000000000000e+00    2.117788284862466e-02    0.000000000000000e+00    
2.993876557207983e+00    1.004456708578434e+00    0.000000000000000e+00    4.873498546878844e-03    0.000000000000000e+00    2.132047999185680e-02    0.000000000000000e+00    
2.991329867005159e+00    1.004405834997526e+00    0.000000000000000e+00    4.885660842993632e-03    0.000000000000000e+00    2.146401627367630e-02    0.000000000000000e+00    
2.988723293147439e+00    1.004354695991850e+00    0.000000000000000e+00    4.897286677683102e-03    0.000000000000000e+00    2.160853871821666e-02    0.000000000000000e+00    
2.986054486288459e+00    1.004303280364079e+00    0.000000000000000e+00    4.908370754812466e-03    0.000000000000000e+00    2.175410241972095e-02    0.000000000000000e+00    
2.983320823894666e+00    1.004251573856599e+00    0.000000000000000e+00    4.918907590494047e-03    0.000000000000000e+00    2.190077255472961e-02    0.000000000000000e+00    
2.980519340677604e+00    1.004199558269992e+00    0.000000000000000e+00    4.928891479680507e-03    0.000000000000000e+00    2.204862709873768e-02    0.000000000000000e+00    
2.977646633078022e+00    1.004147210244456e+00    0.000000000000000e+00    4.938316453558540e-03    0.000000000000000e+00    2.219776057015746e-02    0.000000000000000e+00    
2.974698725005824e+00    1.004094499535765e+00    0.000000000000000e+00    4.947176224347234e-03    0.000000000000000e+00    2.234828931228989e-02    0.000000000000000e+00    
2.971670873885523e+00    1.004041386509185e+00    0.000000000000000e+00    4.955464112481569e-03    0.000000000000000e+00    2.250035915183596e-02    0.000000000000000e+00    
2.968557281364415e+00    1.003987818379240e+00    0.000000000000000e+00    4.963172948495895e-03    0.000000000000000e+00    2.265415686361834e-02    0.000000000000000e+00    
2.965350645052621e+00    1.003933723349674e+00    0.000000000000000e+00    4.970294937488233e-03    0.000000000000000e+00    2.280992800012929e-02    0.000000000000000e+00    
2.962041431096564e+00    1.003879001051030e+00    0.000000000000000e+00    4.976821466207274e-03    0.000000000000000e+00    2.296800593027082e-02    0.000000000000000e+00    
2.958616623987606e+00    1.003823506017738e+00    0.000000000000000e+00    4.982742818295621e-03    0.000000000000000e+00    2.312886192745906e-02    0.000000000000000e+00    
2.955057414963709e+00    1.003767016977010e+00    0.000000000000000e+00    4.988047734356018e-03    0.000000000000000e+00    2.329319811874641e-02    0.000000000000000e+00    
2.951334489889683e+00    1.003709173929456e+00    0.000000000000000e+00    4.992722691713625e-03    0.000000000000000e+00    2.346213762970328e-02    0.000000000000000e+00    
2.947397018893934e+00    1.003649330411514e+00    0.000000000000000e+00    4.996750628779822e-03    0.000000000000000e+00    2.363767043916297e-02    0.000000000000000e+00    
2.943140921014065e+00    1.003586125673491e+00    0.000000000000000e+00    5.000108422672800e-03    0.000000000000000e+00    2.382394284996189e-02    0.000000000000000e+00    
2.938274713100489e+00    1.003515668146443e+00    0.000000000000000e+00    5.002760965498051e-03    0.000000000000000e+00    2.403272617175692e-02    0.000000000000000e+00    
